(kicad_pcb (version 20171130) (host pcbnew 5.0.2-bee76a0~70~ubuntu18.04.1)

  (general
    (thickness 1.6)
    (drawings 109)
    (tracks 927)
    (zones 0)
    (modules 87)
    (nets 81)
  )

  (page A4)
  (title_block
    (title "FSE RPiShield")
    (date 2018-01-31)
    (rev REVB-01)
    (company "Fullstack Embedded")
  )

  (layers
    (0 F.Cu signal)
    (31 B.Cu signal hide)
    (32 B.Adhes user hide)
    (33 F.Adhes user hide)
    (34 B.Paste user hide)
    (35 F.Paste user hide)
    (36 B.SilkS user hide)
    (37 F.SilkS user)
    (38 B.Mask user hide)
    (39 F.Mask user hide)
    (40 Dwgs.User user hide)
    (41 Cmts.User user hide)
    (42 Eco1.User user hide)
    (43 Eco2.User user hide)
    (44 Edge.Cuts user)
    (45 Margin user hide)
    (46 B.CrtYd user hide)
    (47 F.CrtYd user hide)
    (48 B.Fab user)
    (49 F.Fab user hide)
  )

  (setup
    (last_trace_width 0.1524)
    (user_trace_width 0.254)
    (user_trace_width 0.3048)
    (user_trace_width 0.4064)
    (user_trace_width 0.6096)
    (user_trace_width 0.9144)
    (trace_clearance 0.1524)
    (zone_clearance 0.1524)
    (zone_45_only no)
    (trace_min 0.1524)
    (segment_width 0.1)
    (edge_width 0.15)
    (via_size 0.6858)
    (via_drill 0.3302)
    (via_min_size 0.508)
    (via_min_drill 0.254)
    (uvia_size 0.6858)
    (uvia_drill 0.3302)
    (uvias_allowed no)
    (uvia_min_size 0.2)
    (uvia_min_drill 0.1)
    (pcb_text_width 0.3)
    (pcb_text_size 1.5 1.5)
    (mod_edge_width 0.15)
    (mod_text_size 1 1)
    (mod_text_width 0.15)
    (pad_size 1.7 1.7)
    (pad_drill 1)
    (pad_to_mask_clearance 0.0508)
    (solder_mask_min_width 0.25)
    (aux_axis_origin 0 0)
    (visible_elements FEFDFF7F)
    (pcbplotparams
      (layerselection 0x010f0_ffffffff)
      (usegerberextensions true)
      (usegerberattributes false)
      (usegerberadvancedattributes false)
      (creategerberjobfile false)
      (excludeedgelayer true)
      (linewidth 0.100000)
      (plotframeref false)
      (viasonmask false)
      (mode 1)
      (useauxorigin false)
      (hpglpennumber 1)
      (hpglpenspeed 20)
      (hpglpendiameter 15.000000)
      (psnegative false)
      (psa4output false)
      (plotreference true)
      (plotvalue true)
      (plotinvisibletext false)
      (padsonsilk false)
      (subtractmaskfromsilk false)
      (outputformat 1)
      (mirror false)
      (drillshape 0)
      (scaleselection 1)
      (outputdirectory "Gerbers/"))
  )

  (net 0 "")
  (net 1 +3V3)
  (net 2 +5V)
  (net 3 +BATT)
  (net 4 GND)
  (net 5 "Net-(C4-Pad1)")
  (net 6 "Net-(C5-Pad1)")
  (net 7 "Net-(C6-Pad1)")
  (net 8 "Net-(C7-Pad1)")
  (net 9 "Net-(C8-Pad1)")
  (net 10 "Net-(J5-Pad8)")
  (net 11 "Net-(J5-Pad7)")
  (net 12 "Net-(J5-Pad6)")
  (net 13 "Net-(J5-Pad5)")
  (net 14 "Net-(J5-Pad4)")
  (net 15 "Net-(J5-Pad3)")
  (net 16 "Net-(J5-Pad2)")
  (net 17 "Net-(J5-Pad1)")
  (net 18 "Net-(C9-Pad1)")
  (net 19 "Net-(C10-Pad1)")
  (net 20 "Net-(J1-Pad24)")
  (net 21 "Net-(J1-Pad32)")
  (net 22 "Net-(J1-Pad33)")
  (net 23 "Net-(J1-Pad35)")
  (net 24 "Net-(J1-Pad36)")
  (net 25 "Net-(J1-Pad37)")
  (net 26 "Net-(J1-Pad40)")
  (net 27 "Net-(J3-Pad1)")
  (net 28 "Net-(J3-Pad2)")
  (net 29 "Net-(J4-Pad1)")
  (net 30 "Net-(J4-Pad2)")
  (net 31 "Net-(J6-Pad1)")
  (net 32 "Net-(J6-Pad2)")
  (net 33 "Net-(J6-Pad3)")
  (net 34 "Net-(J7-Pad1)")
  (net 35 "Net-(J8-Pad1)")
  (net 36 "Net-(J9-Pad1)")
  (net 37 "Net-(J1-Pad38)")
  (net 38 I2C1_SDA_LV)
  (net 39 I2C1_SCL_LV)
  (net 40 "Net-(C11-Pad1)")
  (net 41 "Net-(J6-Pad4)")
  (net 42 "Net-(J6-Pad5)")
  (net 43 "Net-(J6-Pad6)")
  (net 44 "Net-(J6-Pad7)")
  (net 45 "Net-(J6-Pad8)")
  (net 46 I2C1_SDA_HV)
  (net 47 I2C1_SCL_HV)
  (net 48 "Net-(J13-Pad3)")
  (net 49 "Net-(J13-Pad4)")
  (net 50 "Net-(J13-Pad5)")
  (net 51 "Net-(J13-Pad6)")
  (net 52 "Net-(J13-Pad7)")
  (net 53 "Net-(J13-Pad8)")
  (net 54 UART_TX_LV)
  (net 55 UART_RX_LV)
  (net 56 SPI0_MOSI_LV)
  (net 57 SPI0_MISO_LV)
  (net 58 SPI0_CLK_LV)
  (net 59 SPI0_CS1_LV)
  (net 60 "Net-(R9-Pad2)")
  (net 61 "Net-(R18-Pad2)")
  (net 62 "Net-(R19-Pad2)")
  (net 63 "Net-(R20-Pad2)")
  (net 64 "Net-(R21-Pad2)")
  (net 65 "Net-(R22-Pad2)")
  (net 66 "Net-(R23-Pad2)")
  (net 67 "Net-(R24-Pad2)")
  (net 68 "Net-(R25-Pad2)")
  (net 69 "Net-(R26-Pad2)")
  (net 70 "Net-(R27-Pad2)")
  (net 71 "Net-(R28-Pad2)")
  (net 72 "Net-(R29-Pad2)")
  (net 73 "Net-(R46-Pad2)")
  (net 74 "Net-(R47-Pad2)")
  (net 75 "Net-(R48-Pad2)")
  (net 76 PUSH_BUTTON)
  (net 77 "Net-(JP1-Pad2)")
  (net 78 "Net-(R18-Pad1)")
  (net 79 "Net-(R19-Pad1)")
  (net 80 "Net-(R20-Pad1)")

  (net_class Default "This is the default net class."
    (clearance 0.1524)
    (trace_width 0.1524)
    (via_dia 0.6858)
    (via_drill 0.3302)
    (uvia_dia 0.6858)
    (uvia_drill 0.3302)
    (add_net +3V3)
    (add_net +5V)
    (add_net +BATT)
    (add_net GND)
    (add_net I2C1_SCL_HV)
    (add_net I2C1_SCL_LV)
    (add_net I2C1_SDA_HV)
    (add_net I2C1_SDA_LV)
    (add_net "Net-(C10-Pad1)")
    (add_net "Net-(C11-Pad1)")
    (add_net "Net-(C4-Pad1)")
    (add_net "Net-(C5-Pad1)")
    (add_net "Net-(C6-Pad1)")
    (add_net "Net-(C7-Pad1)")
    (add_net "Net-(C8-Pad1)")
    (add_net "Net-(C9-Pad1)")
    (add_net "Net-(J1-Pad24)")
    (add_net "Net-(J1-Pad32)")
    (add_net "Net-(J1-Pad33)")
    (add_net "Net-(J1-Pad35)")
    (add_net "Net-(J1-Pad36)")
    (add_net "Net-(J1-Pad37)")
    (add_net "Net-(J1-Pad38)")
    (add_net "Net-(J1-Pad40)")
    (add_net "Net-(J13-Pad3)")
    (add_net "Net-(J13-Pad4)")
    (add_net "Net-(J13-Pad5)")
    (add_net "Net-(J13-Pad6)")
    (add_net "Net-(J13-Pad7)")
    (add_net "Net-(J13-Pad8)")
    (add_net "Net-(J3-Pad1)")
    (add_net "Net-(J3-Pad2)")
    (add_net "Net-(J4-Pad1)")
    (add_net "Net-(J4-Pad2)")
    (add_net "Net-(J5-Pad1)")
    (add_net "Net-(J5-Pad2)")
    (add_net "Net-(J5-Pad3)")
    (add_net "Net-(J5-Pad4)")
    (add_net "Net-(J5-Pad5)")
    (add_net "Net-(J5-Pad6)")
    (add_net "Net-(J5-Pad7)")
    (add_net "Net-(J5-Pad8)")
    (add_net "Net-(J6-Pad1)")
    (add_net "Net-(J6-Pad2)")
    (add_net "Net-(J6-Pad3)")
    (add_net "Net-(J6-Pad4)")
    (add_net "Net-(J6-Pad5)")
    (add_net "Net-(J6-Pad6)")
    (add_net "Net-(J6-Pad7)")
    (add_net "Net-(J6-Pad8)")
    (add_net "Net-(J7-Pad1)")
    (add_net "Net-(J8-Pad1)")
    (add_net "Net-(J9-Pad1)")
    (add_net "Net-(JP1-Pad2)")
    (add_net "Net-(R18-Pad1)")
    (add_net "Net-(R18-Pad2)")
    (add_net "Net-(R19-Pad1)")
    (add_net "Net-(R19-Pad2)")
    (add_net "Net-(R20-Pad1)")
    (add_net "Net-(R20-Pad2)")
    (add_net "Net-(R21-Pad2)")
    (add_net "Net-(R22-Pad2)")
    (add_net "Net-(R23-Pad2)")
    (add_net "Net-(R24-Pad2)")
    (add_net "Net-(R25-Pad2)")
    (add_net "Net-(R26-Pad2)")
    (add_net "Net-(R27-Pad2)")
    (add_net "Net-(R28-Pad2)")
    (add_net "Net-(R29-Pad2)")
    (add_net "Net-(R46-Pad2)")
    (add_net "Net-(R47-Pad2)")
    (add_net "Net-(R48-Pad2)")
    (add_net "Net-(R9-Pad2)")
    (add_net PUSH_BUTTON)
    (add_net SPI0_CLK_LV)
    (add_net SPI0_CS1_LV)
    (add_net SPI0_MISO_LV)
    (add_net SPI0_MOSI_LV)
    (add_net UART_RX_LV)
    (add_net UART_TX_LV)
  )

  (module Resistor_SMD:R_0603_1608Metric (layer B.Cu) (tedit 5AE778E6) (tstamp 5B31FD47)
    (at 13.462 16.0655 180)
    (descr "Resistor SMD 0603 (1608 Metric), square (rectangular) end terminal, IPC_7351 nominal, (Body size source: http://www.tortai-tech.com/upload/download/2011102023233369053.pdf), generated with kicad-footprint-generator")
    (tags resistor)
    (path /5B093BC4)
    (attr smd)
    (fp_text reference R42 (at 0 1.45 180) (layer B.SilkS) hide
      (effects (font (size 1 1) (thickness 0.15)) (justify mirror))
    )
    (fp_text value 10k (at 0 -1.45 180) (layer B.Fab)
      (effects (font (size 1 1) (thickness 0.15)) (justify mirror))
    )
    (fp_line (start -0.8 -0.4) (end -0.8 0.4) (layer B.Fab) (width 0.1))
    (fp_line (start -0.8 0.4) (end 0.8 0.4) (layer B.Fab) (width 0.1))
    (fp_line (start 0.8 0.4) (end 0.8 -0.4) (layer B.Fab) (width 0.1))
    (fp_line (start 0.8 -0.4) (end -0.8 -0.4) (layer B.Fab) (width 0.1))
    (fp_line (start -1.46 -0.75) (end -1.46 0.75) (layer B.CrtYd) (width 0.05))
    (fp_line (start -1.46 0.75) (end 1.46 0.75) (layer B.CrtYd) (width 0.05))
    (fp_line (start 1.46 0.75) (end 1.46 -0.75) (layer B.CrtYd) (width 0.05))
    (fp_line (start 1.46 -0.75) (end -1.46 -0.75) (layer B.CrtYd) (width 0.05))
    (fp_text user %R (at 0 0 180) (layer B.Fab)
      (effects (font (size 0.4 0.4) (thickness 0.06)) (justify mirror))
    )
    (pad 1 smd rect (at -0.8 0 180) (size 0.82 1) (layers B.Cu B.Paste B.Mask)
      (net 2 +5V))
    (pad 2 smd rect (at 0.8 0 180) (size 0.82 1) (layers B.Cu B.Paste B.Mask)
      (net 49 "Net-(J13-Pad4)"))
    (model ${KISYS3DMOD}/Resistor_SMD.3dshapes/R_0603_1608Metric.wrl
      (at (xyz 0 0 0))
      (scale (xyz 1 1 1))
      (rotate (xyz 0 0 0))
    )
  )

  (module Package_TO_SOT_SMD:SOT-363_SC-70-6 (layer B.Cu) (tedit 5AE7790E) (tstamp 5B31FED4)
    (at 9.9695 19.8755 180)
    (descr "SOT-363, SC-70-6")
    (tags "SOT-363 SC-70-6")
    (path /5A7366AF)
    (attr smd)
    (fp_text reference U6 (at 0 2 180) (layer B.SilkS) hide
      (effects (font (size 1 1) (thickness 0.15)) (justify mirror))
    )
    (fp_text value BSS138PS (at 0 -2) (layer B.Fab)
      (effects (font (size 1 1) (thickness 0.15)) (justify mirror))
    )
    (fp_text user %R (at 0 0 90) (layer B.Fab)
      (effects (font (size 0.5 0.5) (thickness 0.075)) (justify mirror))
    )
    (fp_line (start 0.7 1.16) (end -1.2 1.16) (layer B.SilkS) (width 0.12))
    (fp_line (start -0.7 -1.16) (end 0.7 -1.16) (layer B.SilkS) (width 0.12))
    (fp_line (start 1.6 -1.4) (end 1.6 1.4) (layer B.CrtYd) (width 0.05))
    (fp_line (start -1.6 1.4) (end -1.6 -1.4) (layer B.CrtYd) (width 0.05))
    (fp_line (start -1.6 1.4) (end 1.6 1.4) (layer B.CrtYd) (width 0.05))
    (fp_line (start 0.675 1.1) (end -0.175 1.1) (layer B.Fab) (width 0.1))
    (fp_line (start -0.675 0.6) (end -0.675 -1.1) (layer B.Fab) (width 0.1))
    (fp_line (start -1.6 -1.4) (end 1.6 -1.4) (layer B.CrtYd) (width 0.05))
    (fp_line (start 0.675 1.1) (end 0.675 -1.1) (layer B.Fab) (width 0.1))
    (fp_line (start 0.675 -1.1) (end -0.675 -1.1) (layer B.Fab) (width 0.1))
    (fp_line (start -0.175 1.1) (end -0.675 0.6) (layer B.Fab) (width 0.1))
    (pad 1 smd rect (at -0.95 0.65 180) (size 0.65 0.4) (layers B.Cu B.Paste B.Mask)
      (net 58 SPI0_CLK_LV))
    (pad 3 smd rect (at -0.95 -0.65 180) (size 0.65 0.4) (layers B.Cu B.Paste B.Mask)
      (net 51 "Net-(J13-Pad6)"))
    (pad 5 smd rect (at 0.95 0 180) (size 0.65 0.4) (layers B.Cu B.Paste B.Mask)
      (net 1 +3V3))
    (pad 2 smd rect (at -0.95 0 180) (size 0.65 0.4) (layers B.Cu B.Paste B.Mask)
      (net 1 +3V3))
    (pad 4 smd rect (at 0.95 -0.65 180) (size 0.65 0.4) (layers B.Cu B.Paste B.Mask)
      (net 59 SPI0_CS1_LV))
    (pad 6 smd rect (at 0.95 0.65 180) (size 0.65 0.4) (layers B.Cu B.Paste B.Mask)
      (net 50 "Net-(J13-Pad5)"))
    (model ${KISYS3DMOD}/Package_TO_SOT_SMD.3dshapes/SOT-363_SC-70-6.wrl
      (at (xyz 0 0 0))
      (scale (xyz 1 1 1))
      (rotate (xyz 0 0 0))
    )
  )

  (module Package_SO:TSSOP-28_4.4x9.7mm_P0.65mm (layer B.Cu) (tedit 5AE77859) (tstamp 5BB08B13)
    (at 37.719 11.303 180)
    (descr "TSSOP28: plastic thin shrink small outline package; 28 leads; body width 4.4 mm; (see NXP SSOP-TSSOP-VSO-REFLOW.pdf and sot361-1_po.pdf)")
    (tags "SSOP 0.65")
    (path /5A73ACB0)
    (attr smd)
    (fp_text reference U3 (at 0.0762 -5.9182 180) (layer B.SilkS)
      (effects (font (size 1 1) (thickness 0.15)) (justify mirror))
    )
    (fp_text value PCA9685PW (at 0 -5.9 180) (layer B.Fab)
      (effects (font (size 1 1) (thickness 0.15)) (justify mirror))
    )
    (fp_line (start -1.2 4.85) (end 2.2 4.85) (layer B.Fab) (width 0.15))
    (fp_line (start 2.2 4.85) (end 2.2 -4.85) (layer B.Fab) (width 0.15))
    (fp_line (start 2.2 -4.85) (end -2.2 -4.85) (layer B.Fab) (width 0.15))
    (fp_line (start -2.2 -4.85) (end -2.2 3.85) (layer B.Fab) (width 0.15))
    (fp_line (start -2.2 3.85) (end -1.2 4.85) (layer B.Fab) (width 0.15))
    (fp_line (start -3.65 5.15) (end -3.65 -5.15) (layer B.CrtYd) (width 0.05))
    (fp_line (start 3.65 5.15) (end 3.65 -5.15) (layer B.CrtYd) (width 0.05))
    (fp_line (start -3.65 5.15) (end 3.65 5.15) (layer B.CrtYd) (width 0.05))
    (fp_line (start -3.65 -5.15) (end 3.65 -5.15) (layer B.CrtYd) (width 0.05))
    (fp_line (start -2.325 4.975) (end -2.325 4.75) (layer B.SilkS) (width 0.15))
    (fp_line (start 2.325 4.975) (end 2.325 4.65) (layer B.SilkS) (width 0.15))
    (fp_line (start 2.325 -4.975) (end 2.325 -4.65) (layer B.SilkS) (width 0.15))
    (fp_line (start -2.325 -4.975) (end -2.325 -4.65) (layer B.SilkS) (width 0.15))
    (fp_line (start -2.325 4.975) (end 2.325 4.975) (layer B.SilkS) (width 0.15))
    (fp_line (start -2.325 -4.975) (end 2.325 -4.975) (layer B.SilkS) (width 0.15))
    (fp_line (start -2.325 4.75) (end -3.4 4.75) (layer B.SilkS) (width 0.15))
    (fp_text user %R (at 0 0 180) (layer B.Fab)
      (effects (font (size 0.8 0.8) (thickness 0.15)) (justify mirror))
    )
    (pad 1 smd rect (at -2.85 4.225 180) (size 1.1 0.4) (layers B.Cu B.Paste B.Mask)
      (net 4 GND))
    (pad 2 smd rect (at -2.85 3.575 180) (size 1.1 0.4) (layers B.Cu B.Paste B.Mask)
      (net 4 GND))
    (pad 3 smd rect (at -2.85 2.925 180) (size 1.1 0.4) (layers B.Cu B.Paste B.Mask)
      (net 2 +5V))
    (pad 4 smd rect (at -2.85 2.275 180) (size 1.1 0.4) (layers B.Cu B.Paste B.Mask)
      (net 4 GND))
    (pad 5 smd rect (at -2.85 1.625 180) (size 1.1 0.4) (layers B.Cu B.Paste B.Mask)
      (net 2 +5V))
    (pad 6 smd rect (at -2.85 0.975 180) (size 1.1 0.4) (layers B.Cu B.Paste B.Mask)
      (net 64 "Net-(R21-Pad2)"))
    (pad 7 smd rect (at -2.85 0.325 180) (size 1.1 0.4) (layers B.Cu B.Paste B.Mask)
      (net 65 "Net-(R22-Pad2)"))
    (pad 8 smd rect (at -2.85 -0.325 180) (size 1.1 0.4) (layers B.Cu B.Paste B.Mask)
      (net 66 "Net-(R23-Pad2)"))
    (pad 9 smd rect (at -2.85 -0.975 180) (size 1.1 0.4) (layers B.Cu B.Paste B.Mask)
      (net 67 "Net-(R24-Pad2)"))
    (pad 10 smd rect (at -2.85 -1.625 180) (size 1.1 0.4) (layers B.Cu B.Paste B.Mask)
      (net 68 "Net-(R25-Pad2)"))
    (pad 11 smd rect (at -2.85 -2.275 180) (size 1.1 0.4) (layers B.Cu B.Paste B.Mask)
      (net 69 "Net-(R26-Pad2)"))
    (pad 12 smd rect (at -2.85 -2.925 180) (size 1.1 0.4) (layers B.Cu B.Paste B.Mask)
      (net 70 "Net-(R27-Pad2)"))
    (pad 13 smd rect (at -2.85 -3.575 180) (size 1.1 0.4) (layers B.Cu B.Paste B.Mask)
      (net 71 "Net-(R28-Pad2)"))
    (pad 14 smd rect (at -2.85 -4.225 180) (size 1.1 0.4) (layers B.Cu B.Paste B.Mask)
      (net 4 GND))
    (pad 15 smd rect (at 2.85 -4.225 180) (size 1.1 0.4) (layers B.Cu B.Paste B.Mask)
      (net 72 "Net-(R29-Pad2)"))
    (pad 16 smd rect (at 2.85 -3.575 180) (size 1.1 0.4) (layers B.Cu B.Paste B.Mask)
      (net 73 "Net-(R46-Pad2)"))
    (pad 17 smd rect (at 2.85 -2.925 180) (size 1.1 0.4) (layers B.Cu B.Paste B.Mask)
      (net 74 "Net-(R47-Pad2)"))
    (pad 18 smd rect (at 2.85 -2.275 180) (size 1.1 0.4) (layers B.Cu B.Paste B.Mask))
    (pad 19 smd rect (at 2.85 -1.625 180) (size 1.1 0.4) (layers B.Cu B.Paste B.Mask))
    (pad 20 smd rect (at 2.85 -0.975 180) (size 1.1 0.4) (layers B.Cu B.Paste B.Mask)
      (net 63 "Net-(R20-Pad2)"))
    (pad 21 smd rect (at 2.85 -0.325 180) (size 1.1 0.4) (layers B.Cu B.Paste B.Mask)
      (net 62 "Net-(R19-Pad2)"))
    (pad 22 smd rect (at 2.85 0.325 180) (size 1.1 0.4) (layers B.Cu B.Paste B.Mask)
      (net 61 "Net-(R18-Pad2)"))
    (pad 23 smd rect (at 2.85 0.975 180) (size 1.1 0.4) (layers B.Cu B.Paste B.Mask)
      (net 60 "Net-(R9-Pad2)"))
    (pad 24 smd rect (at 2.85 1.625 180) (size 1.1 0.4) (layers B.Cu B.Paste B.Mask)
      (net 77 "Net-(JP1-Pad2)"))
    (pad 25 smd rect (at 2.85 2.275 180) (size 1.1 0.4) (layers B.Cu B.Paste B.Mask)
      (net 4 GND))
    (pad 26 smd rect (at 2.85 2.925 180) (size 1.1 0.4) (layers B.Cu B.Paste B.Mask)
      (net 47 I2C1_SCL_HV))
    (pad 27 smd rect (at 2.85 3.575 180) (size 1.1 0.4) (layers B.Cu B.Paste B.Mask)
      (net 46 I2C1_SDA_HV))
    (pad 28 smd rect (at 2.85 4.225 180) (size 1.1 0.4) (layers B.Cu B.Paste B.Mask)
      (net 2 +5V))
    (model ${KISYS3DMOD}/Package_SO.3dshapes/TSSOP-28_4.4x9.7mm_P0.65mm.wrl
      (at (xyz 0 0 0))
      (scale (xyz 1 1 1))
      (rotate (xyz 0 0 0))
    )
  )

  (module Package_TO_SOT_SMD:SOT-363_SC-70-6 (layer B.Cu) (tedit 5AE778DB) (tstamp 5B31FF13)
    (at 9.9695 9.7155 180)
    (descr "SOT-363, SC-70-6")
    (tags "SOT-363 SC-70-6")
    (path /5A705448)
    (attr smd)
    (fp_text reference U5 (at 0 2 180) (layer B.SilkS) hide
      (effects (font (size 1 1) (thickness 0.15)) (justify mirror))
    )
    (fp_text value BSS138PS (at 0 -2) (layer B.Fab)
      (effects (font (size 1 1) (thickness 0.15)) (justify mirror))
    )
    (fp_line (start -0.175 1.1) (end -0.675 0.6) (layer B.Fab) (width 0.1))
    (fp_line (start 0.675 -1.1) (end -0.675 -1.1) (layer B.Fab) (width 0.1))
    (fp_line (start 0.675 1.1) (end 0.675 -1.1) (layer B.Fab) (width 0.1))
    (fp_line (start -1.6 -1.4) (end 1.6 -1.4) (layer B.CrtYd) (width 0.05))
    (fp_line (start -0.675 0.6) (end -0.675 -1.1) (layer B.Fab) (width 0.1))
    (fp_line (start 0.675 1.1) (end -0.175 1.1) (layer B.Fab) (width 0.1))
    (fp_line (start -1.6 1.4) (end 1.6 1.4) (layer B.CrtYd) (width 0.05))
    (fp_line (start -1.6 1.4) (end -1.6 -1.4) (layer B.CrtYd) (width 0.05))
    (fp_line (start 1.6 -1.4) (end 1.6 1.4) (layer B.CrtYd) (width 0.05))
    (fp_line (start -0.7 -1.16) (end 0.7 -1.16) (layer B.SilkS) (width 0.12))
    (fp_line (start 0.7 1.16) (end -1.2 1.16) (layer B.SilkS) (width 0.12))
    (fp_text user %R (at 0 0 90) (layer B.Fab)
      (effects (font (size 0.5 0.5) (thickness 0.075)) (justify mirror))
    )
    (pad 6 smd rect (at 0.95 0.65 180) (size 0.65 0.4) (layers B.Cu B.Paste B.Mask)
      (net 46 I2C1_SDA_HV))
    (pad 4 smd rect (at 0.95 -0.65 180) (size 0.65 0.4) (layers B.Cu B.Paste B.Mask)
      (net 39 I2C1_SCL_LV))
    (pad 2 smd rect (at -0.95 0 180) (size 0.65 0.4) (layers B.Cu B.Paste B.Mask)
      (net 1 +3V3))
    (pad 5 smd rect (at 0.95 0 180) (size 0.65 0.4) (layers B.Cu B.Paste B.Mask)
      (net 1 +3V3))
    (pad 3 smd rect (at -0.95 -0.65 180) (size 0.65 0.4) (layers B.Cu B.Paste B.Mask)
      (net 47 I2C1_SCL_HV))
    (pad 1 smd rect (at -0.95 0.65 180) (size 0.65 0.4) (layers B.Cu B.Paste B.Mask)
      (net 38 I2C1_SDA_LV))
    (model ${KISYS3DMOD}/Package_TO_SOT_SMD.3dshapes/SOT-363_SC-70-6.wrl
      (at (xyz 0 0 0))
      (scale (xyz 1 1 1))
      (rotate (xyz 0 0 0))
    )
  )

  (module Resistor_SMD:R_0603_1608Metric (layer B.Cu) (tedit 5AE777F8) (tstamp 5B320E90)
    (at 6.477 26.289)
    (descr "Resistor SMD 0603 (1608 Metric), square (rectangular) end terminal, IPC_7351 nominal, (Body size source: http://www.tortai-tech.com/upload/download/2011102023233369053.pdf), generated with kicad-footprint-generator")
    (tags resistor)
    (path /5B094BB1)
    (attr smd)
    (fp_text reference R37 (at -3.048 -0.127) (layer B.SilkS) hide
      (effects (font (size 1 1) (thickness 0.15)) (justify mirror))
    )
    (fp_text value 10k (at 0 -1.45) (layer B.Fab)
      (effects (font (size 1 1) (thickness 0.15)) (justify mirror))
    )
    (fp_line (start -0.8 -0.4) (end -0.8 0.4) (layer B.Fab) (width 0.1))
    (fp_line (start -0.8 0.4) (end 0.8 0.4) (layer B.Fab) (width 0.1))
    (fp_line (start 0.8 0.4) (end 0.8 -0.4) (layer B.Fab) (width 0.1))
    (fp_line (start 0.8 -0.4) (end -0.8 -0.4) (layer B.Fab) (width 0.1))
    (fp_line (start -1.46 -0.75) (end -1.46 0.75) (layer B.CrtYd) (width 0.05))
    (fp_line (start -1.46 0.75) (end 1.46 0.75) (layer B.CrtYd) (width 0.05))
    (fp_line (start 1.46 0.75) (end 1.46 -0.75) (layer B.CrtYd) (width 0.05))
    (fp_line (start 1.46 -0.75) (end -1.46 -0.75) (layer B.CrtYd) (width 0.05))
    (fp_text user %R (at 0 0) (layer B.Fab)
      (effects (font (size 0.4 0.4) (thickness 0.06)) (justify mirror))
    )
    (pad 1 smd rect (at -0.8 0) (size 0.82 1) (layers B.Cu B.Paste B.Mask)
      (net 1 +3V3))
    (pad 2 smd rect (at 0.8 0) (size 0.82 1) (layers B.Cu B.Paste B.Mask)
      (net 55 UART_RX_LV))
    (model ${KISYS3DMOD}/Resistor_SMD.3dshapes/R_0603_1608Metric.wrl
      (at (xyz 0 0 0))
      (scale (xyz 1 1 1))
      (rotate (xyz 0 0 0))
    )
  )

  (module Capacitor_SMD:C_0603_1608Metric (layer B.Cu) (tedit 5AE77821) (tstamp 5B320EBC)
    (at 51.943 17.526 270)
    (descr "Capacitor SMD 0603 (1608 Metric), square (rectangular) end terminal, IPC_7351 nominal, (Body size source: http://www.tortai-tech.com/upload/download/2011102023233369053.pdf), generated with kicad-footprint-generator")
    (tags capacitor)
    (path /5A6FC862)
    (attr smd)
    (fp_text reference C3 (at -0.127 -1.778 270) (layer B.SilkS) hide
      (effects (font (size 1 1) (thickness 0.15)) (justify mirror))
    )
    (fp_text value 100n (at 0 -1.65 270) (layer B.Fab)
      (effects (font (size 1 1) (thickness 0.15)) (justify mirror))
    )
    (fp_line (start -0.8 -0.4) (end -0.8 0.4) (layer B.Fab) (width 0.1))
    (fp_line (start -0.8 0.4) (end 0.8 0.4) (layer B.Fab) (width 0.1))
    (fp_line (start 0.8 0.4) (end 0.8 -0.4) (layer B.Fab) (width 0.1))
    (fp_line (start 0.8 -0.4) (end -0.8 -0.4) (layer B.Fab) (width 0.1))
    (fp_line (start -0.22 0.51) (end 0.22 0.51) (layer B.SilkS) (width 0.12))
    (fp_line (start -0.22 -0.51) (end 0.22 -0.51) (layer B.SilkS) (width 0.12))
    (fp_line (start -1.46 -0.75) (end -1.46 0.75) (layer B.CrtYd) (width 0.05))
    (fp_line (start -1.46 0.75) (end 1.46 0.75) (layer B.CrtYd) (width 0.05))
    (fp_line (start 1.46 0.75) (end 1.46 -0.75) (layer B.CrtYd) (width 0.05))
    (fp_line (start 1.46 -0.75) (end -1.46 -0.75) (layer B.CrtYd) (width 0.05))
    (fp_text user %R (at 0 0 270) (layer B.Fab)
      (effects (font (size 0.5 0.5) (thickness 0.08)) (justify mirror))
    )
    (pad 1 smd rect (at -0.875 0 270) (size 0.67 1) (layers B.Cu B.Paste B.Mask)
      (net 3 +BATT))
    (pad 2 smd rect (at 0.875 0 270) (size 0.67 1) (layers B.Cu B.Paste B.Mask)
      (net 4 GND))
    (model ${KISYS3DMOD}/Capacitor_SMD.3dshapes/C_0603_1608Metric.wrl
      (at (xyz 0 0 0))
      (scale (xyz 1 1 1))
      (rotate (xyz 0 0 0))
    )
  )

  (module Capacitor_SMD:C_0603_1608Metric (layer B.Cu) (tedit 5AE77873) (tstamp 5B320EEC)
    (at 25.908 8.255 90)
    (descr "Capacitor SMD 0603 (1608 Metric), square (rectangular) end terminal, IPC_7351 nominal, (Body size source: http://www.tortai-tech.com/upload/download/2011102023233369053.pdf), generated with kicad-footprint-generator")
    (tags capacitor)
    (path /5B08E317)
    (attr smd)
    (fp_text reference C4 (at 2.032 0.762 180) (layer B.SilkS) hide
      (effects (font (size 1 1) (thickness 0.15)) (justify mirror))
    )
    (fp_text value 10n (at 0 -1.65 90) (layer B.Fab)
      (effects (font (size 1 1) (thickness 0.15)) (justify mirror))
    )
    (fp_text user %R (at 0 0 90) (layer B.Fab)
      (effects (font (size 0.5 0.5) (thickness 0.08)) (justify mirror))
    )
    (fp_line (start 1.46 -0.75) (end -1.46 -0.75) (layer B.CrtYd) (width 0.05))
    (fp_line (start 1.46 0.75) (end 1.46 -0.75) (layer B.CrtYd) (width 0.05))
    (fp_line (start -1.46 0.75) (end 1.46 0.75) (layer B.CrtYd) (width 0.05))
    (fp_line (start -1.46 -0.75) (end -1.46 0.75) (layer B.CrtYd) (width 0.05))
    (fp_line (start -0.22 -0.51) (end 0.22 -0.51) (layer B.SilkS) (width 0.12))
    (fp_line (start -0.22 0.51) (end 0.22 0.51) (layer B.SilkS) (width 0.12))
    (fp_line (start 0.8 -0.4) (end -0.8 -0.4) (layer B.Fab) (width 0.1))
    (fp_line (start 0.8 0.4) (end 0.8 -0.4) (layer B.Fab) (width 0.1))
    (fp_line (start -0.8 0.4) (end 0.8 0.4) (layer B.Fab) (width 0.1))
    (fp_line (start -0.8 -0.4) (end -0.8 0.4) (layer B.Fab) (width 0.1))
    (pad 2 smd rect (at 0.875 0 90) (size 0.67 1) (layers B.Cu B.Paste B.Mask)
      (net 4 GND))
    (pad 1 smd rect (at -0.875 0 90) (size 0.67 1) (layers B.Cu B.Paste B.Mask)
      (net 5 "Net-(C4-Pad1)"))
    (model ${KISYS3DMOD}/Capacitor_SMD.3dshapes/C_0603_1608Metric.wrl
      (at (xyz 0 0 0))
      (scale (xyz 1 1 1))
      (rotate (xyz 0 0 0))
    )
  )

  (module Capacitor_SMD:C_0603_1608Metric (layer B.Cu) (tedit 5AE7787E) (tstamp 5B32015D)
    (at 19.987464 8.247907 90)
    (descr "Capacitor SMD 0603 (1608 Metric), square (rectangular) end terminal, IPC_7351 nominal, (Body size source: http://www.tortai-tech.com/upload/download/2011102023233369053.pdf), generated with kicad-footprint-generator")
    (tags capacitor)
    (path /5B08E259)
    (attr smd)
    (fp_text reference C5 (at 2.024907 -0.302464 180) (layer B.SilkS) hide
      (effects (font (size 1 1) (thickness 0.15)) (justify mirror))
    )
    (fp_text value 10n (at 0 -1.65 90) (layer B.Fab)
      (effects (font (size 1 1) (thickness 0.15)) (justify mirror))
    )
    (fp_line (start -0.8 -0.4) (end -0.8 0.4) (layer B.Fab) (width 0.1))
    (fp_line (start -0.8 0.4) (end 0.8 0.4) (layer B.Fab) (width 0.1))
    (fp_line (start 0.8 0.4) (end 0.8 -0.4) (layer B.Fab) (width 0.1))
    (fp_line (start 0.8 -0.4) (end -0.8 -0.4) (layer B.Fab) (width 0.1))
    (fp_line (start -0.22 0.51) (end 0.22 0.51) (layer B.SilkS) (width 0.12))
    (fp_line (start -0.22 -0.51) (end 0.22 -0.51) (layer B.SilkS) (width 0.12))
    (fp_line (start -1.46 -0.75) (end -1.46 0.75) (layer B.CrtYd) (width 0.05))
    (fp_line (start -1.46 0.75) (end 1.46 0.75) (layer B.CrtYd) (width 0.05))
    (fp_line (start 1.46 0.75) (end 1.46 -0.75) (layer B.CrtYd) (width 0.05))
    (fp_line (start 1.46 -0.75) (end -1.46 -0.75) (layer B.CrtYd) (width 0.05))
    (fp_text user %R (at 0 0 90) (layer B.Fab)
      (effects (font (size 0.5 0.5) (thickness 0.08)) (justify mirror))
    )
    (pad 1 smd rect (at -0.875 0 90) (size 0.67 1) (layers B.Cu B.Paste B.Mask)
      (net 6 "Net-(C5-Pad1)"))
    (pad 2 smd rect (at 0.875 0 90) (size 0.67 1) (layers B.Cu B.Paste B.Mask)
      (net 4 GND))
    (model ${KISYS3DMOD}/Capacitor_SMD.3dshapes/C_0603_1608Metric.wrl
      (at (xyz 0 0 0))
      (scale (xyz 1 1 1))
      (rotate (xyz 0 0 0))
    )
  )

  (module Capacitor_SMD:C_0603_1608Metric (layer B.Cu) (tedit 5AE776C5) (tstamp 5B320D6F)
    (at 19.987464 12.057907 90)
    (descr "Capacitor SMD 0603 (1608 Metric), square (rectangular) end terminal, IPC_7351 nominal, (Body size source: http://www.tortai-tech.com/upload/download/2011102023233369053.pdf), generated with kicad-footprint-generator")
    (tags capacitor)
    (path /5B08E19B)
    (attr smd)
    (fp_text reference C6 (at 0 1.65 90) (layer B.SilkS) hide
      (effects (font (size 1 1) (thickness 0.15)) (justify mirror))
    )
    (fp_text value 10n (at 0 -1.65 90) (layer B.Fab)
      (effects (font (size 1 1) (thickness 0.15)) (justify mirror))
    )
    (fp_text user %R (at 0 0 90) (layer B.Fab)
      (effects (font (size 0.5 0.5) (thickness 0.08)) (justify mirror))
    )
    (fp_line (start 1.46 -0.75) (end -1.46 -0.75) (layer B.CrtYd) (width 0.05))
    (fp_line (start 1.46 0.75) (end 1.46 -0.75) (layer B.CrtYd) (width 0.05))
    (fp_line (start -1.46 0.75) (end 1.46 0.75) (layer B.CrtYd) (width 0.05))
    (fp_line (start -1.46 -0.75) (end -1.46 0.75) (layer B.CrtYd) (width 0.05))
    (fp_line (start -0.22 -0.51) (end 0.22 -0.51) (layer B.SilkS) (width 0.12))
    (fp_line (start -0.22 0.51) (end 0.22 0.51) (layer B.SilkS) (width 0.12))
    (fp_line (start 0.8 -0.4) (end -0.8 -0.4) (layer B.Fab) (width 0.1))
    (fp_line (start 0.8 0.4) (end 0.8 -0.4) (layer B.Fab) (width 0.1))
    (fp_line (start -0.8 0.4) (end 0.8 0.4) (layer B.Fab) (width 0.1))
    (fp_line (start -0.8 -0.4) (end -0.8 0.4) (layer B.Fab) (width 0.1))
    (pad 2 smd rect (at 0.875 0 90) (size 0.67 1) (layers B.Cu B.Paste B.Mask)
      (net 4 GND))
    (pad 1 smd rect (at -0.875 0 90) (size 0.67 1) (layers B.Cu B.Paste B.Mask)
      (net 7 "Net-(C6-Pad1)"))
    (model ${KISYS3DMOD}/Capacitor_SMD.3dshapes/C_0603_1608Metric.wrl
      (at (xyz 0 0 0))
      (scale (xyz 1 1 1))
      (rotate (xyz 0 0 0))
    )
  )

  (module Capacitor_SMD:C_0603_1608Metric (layer B.Cu) (tedit 5AE776AF) (tstamp 5B32021D)
    (at 19.987464 15.867907 90)
    (descr "Capacitor SMD 0603 (1608 Metric), square (rectangular) end terminal, IPC_7351 nominal, (Body size source: http://www.tortai-tech.com/upload/download/2011102023233369053.pdf), generated with kicad-footprint-generator")
    (tags capacitor)
    (path /5B08D27D)
    (attr smd)
    (fp_text reference C7 (at 1.770907 0.078536 90) (layer B.SilkS) hide
      (effects (font (size 1 1) (thickness 0.15)) (justify mirror))
    )
    (fp_text value 10n (at 0 -1.65 90) (layer B.Fab)
      (effects (font (size 1 1) (thickness 0.15)) (justify mirror))
    )
    (fp_line (start -0.8 -0.4) (end -0.8 0.4) (layer B.Fab) (width 0.1))
    (fp_line (start -0.8 0.4) (end 0.8 0.4) (layer B.Fab) (width 0.1))
    (fp_line (start 0.8 0.4) (end 0.8 -0.4) (layer B.Fab) (width 0.1))
    (fp_line (start 0.8 -0.4) (end -0.8 -0.4) (layer B.Fab) (width 0.1))
    (fp_line (start -0.22 0.51) (end 0.22 0.51) (layer B.SilkS) (width 0.12))
    (fp_line (start -0.22 -0.51) (end 0.22 -0.51) (layer B.SilkS) (width 0.12))
    (fp_line (start -1.46 -0.75) (end -1.46 0.75) (layer B.CrtYd) (width 0.05))
    (fp_line (start -1.46 0.75) (end 1.46 0.75) (layer B.CrtYd) (width 0.05))
    (fp_line (start 1.46 0.75) (end 1.46 -0.75) (layer B.CrtYd) (width 0.05))
    (fp_line (start 1.46 -0.75) (end -1.46 -0.75) (layer B.CrtYd) (width 0.05))
    (fp_text user %R (at 0 0 90) (layer B.Fab)
      (effects (font (size 0.5 0.5) (thickness 0.08)) (justify mirror))
    )
    (pad 1 smd rect (at -0.875 0 90) (size 0.67 1) (layers B.Cu B.Paste B.Mask)
      (net 8 "Net-(C7-Pad1)"))
    (pad 2 smd rect (at 0.875 0 90) (size 0.67 1) (layers B.Cu B.Paste B.Mask)
      (net 4 GND))
    (model ${KISYS3DMOD}/Capacitor_SMD.3dshapes/C_0603_1608Metric.wrl
      (at (xyz 0 0 0))
      (scale (xyz 1 1 1))
      (rotate (xyz 0 0 0))
    )
  )

  (module Capacitor_SMD:C_0603_1608Metric (layer B.Cu) (tedit 5AE776B4) (tstamp 5B320631)
    (at 19.987464 19.423907 90)
    (descr "Capacitor SMD 0603 (1608 Metric), square (rectangular) end terminal, IPC_7351 nominal, (Body size source: http://www.tortai-tech.com/upload/download/2011102023233369053.pdf), generated with kicad-footprint-generator")
    (tags capacitor)
    (path /5B08C549)
    (attr smd)
    (fp_text reference C8 (at 0 1.65 90) (layer B.SilkS) hide
      (effects (font (size 1 1) (thickness 0.15)) (justify mirror))
    )
    (fp_text value 10n (at 0 -1.65 90) (layer B.Fab)
      (effects (font (size 1 1) (thickness 0.15)) (justify mirror))
    )
    (fp_text user %R (at 0 0 90) (layer B.Fab)
      (effects (font (size 0.5 0.5) (thickness 0.08)) (justify mirror))
    )
    (fp_line (start 1.46 -0.75) (end -1.46 -0.75) (layer B.CrtYd) (width 0.05))
    (fp_line (start 1.46 0.75) (end 1.46 -0.75) (layer B.CrtYd) (width 0.05))
    (fp_line (start -1.46 0.75) (end 1.46 0.75) (layer B.CrtYd) (width 0.05))
    (fp_line (start -1.46 -0.75) (end -1.46 0.75) (layer B.CrtYd) (width 0.05))
    (fp_line (start -0.22 -0.51) (end 0.22 -0.51) (layer B.SilkS) (width 0.12))
    (fp_line (start -0.22 0.51) (end 0.22 0.51) (layer B.SilkS) (width 0.12))
    (fp_line (start 0.8 -0.4) (end -0.8 -0.4) (layer B.Fab) (width 0.1))
    (fp_line (start 0.8 0.4) (end 0.8 -0.4) (layer B.Fab) (width 0.1))
    (fp_line (start -0.8 0.4) (end 0.8 0.4) (layer B.Fab) (width 0.1))
    (fp_line (start -0.8 -0.4) (end -0.8 0.4) (layer B.Fab) (width 0.1))
    (pad 2 smd rect (at 0.875 0 90) (size 0.67 1) (layers B.Cu B.Paste B.Mask)
      (net 4 GND))
    (pad 1 smd rect (at -0.875 0 90) (size 0.67 1) (layers B.Cu B.Paste B.Mask)
      (net 9 "Net-(C8-Pad1)"))
    (model ${KISYS3DMOD}/Capacitor_SMD.3dshapes/C_0603_1608Metric.wrl
      (at (xyz 0 0 0))
      (scale (xyz 1 1 1))
      (rotate (xyz 0 0 0))
    )
  )

  (module Capacitor_SMD:C_0603_1608Metric (layer B.Cu) (tedit 5AE776B9) (tstamp 5B320337)
    (at 19.812 23.233907 90)
    (descr "Capacitor SMD 0603 (1608 Metric), square (rectangular) end terminal, IPC_7351 nominal, (Body size source: http://www.tortai-tech.com/upload/download/2011102023233369053.pdf), generated with kicad-footprint-generator")
    (tags capacitor)
    (path /5B08C48B)
    (attr smd)
    (fp_text reference C9 (at 0 1.65 90) (layer B.SilkS) hide
      (effects (font (size 1 1) (thickness 0.15)) (justify mirror))
    )
    (fp_text value 10n (at 0 -1.65 90) (layer B.Fab)
      (effects (font (size 1 1) (thickness 0.15)) (justify mirror))
    )
    (fp_line (start -0.8 -0.4) (end -0.8 0.4) (layer B.Fab) (width 0.1))
    (fp_line (start -0.8 0.4) (end 0.8 0.4) (layer B.Fab) (width 0.1))
    (fp_line (start 0.8 0.4) (end 0.8 -0.4) (layer B.Fab) (width 0.1))
    (fp_line (start 0.8 -0.4) (end -0.8 -0.4) (layer B.Fab) (width 0.1))
    (fp_line (start -0.22 0.51) (end 0.22 0.51) (layer B.SilkS) (width 0.12))
    (fp_line (start -0.22 -0.51) (end 0.22 -0.51) (layer B.SilkS) (width 0.12))
    (fp_line (start -1.46 -0.75) (end -1.46 0.75) (layer B.CrtYd) (width 0.05))
    (fp_line (start -1.46 0.75) (end 1.46 0.75) (layer B.CrtYd) (width 0.05))
    (fp_line (start 1.46 0.75) (end 1.46 -0.75) (layer B.CrtYd) (width 0.05))
    (fp_line (start 1.46 -0.75) (end -1.46 -0.75) (layer B.CrtYd) (width 0.05))
    (fp_text user %R (at 0 0 90) (layer B.Fab)
      (effects (font (size 0.5 0.5) (thickness 0.08)) (justify mirror))
    )
    (pad 1 smd rect (at -0.875 0 90) (size 0.67 1) (layers B.Cu B.Paste B.Mask)
      (net 18 "Net-(C9-Pad1)"))
    (pad 2 smd rect (at 0.875 0 90) (size 0.67 1) (layers B.Cu B.Paste B.Mask)
      (net 4 GND))
    (model ${KISYS3DMOD}/Capacitor_SMD.3dshapes/C_0603_1608Metric.wrl
      (at (xyz 0 0 0))
      (scale (xyz 1 1 1))
      (rotate (xyz 0 0 0))
    )
  )

  (module Capacitor_SMD:C_0603_1608Metric (layer B.Cu) (tedit 5AE776BE) (tstamp 5B32018D)
    (at 19.812 26.67 90)
    (descr "Capacitor SMD 0603 (1608 Metric), square (rectangular) end terminal, IPC_7351 nominal, (Body size source: http://www.tortai-tech.com/upload/download/2011102023233369053.pdf), generated with kicad-footprint-generator")
    (tags capacitor)
    (path /5B08C3CD)
    (attr smd)
    (fp_text reference C10 (at 0 1.65 90) (layer B.SilkS) hide
      (effects (font (size 1 1) (thickness 0.15)) (justify mirror))
    )
    (fp_text value 10n (at 0 -1.65 90) (layer B.Fab)
      (effects (font (size 1 1) (thickness 0.15)) (justify mirror))
    )
    (fp_text user %R (at 0 0 90) (layer B.Fab)
      (effects (font (size 0.5 0.5) (thickness 0.08)) (justify mirror))
    )
    (fp_line (start 1.46 -0.75) (end -1.46 -0.75) (layer B.CrtYd) (width 0.05))
    (fp_line (start 1.46 0.75) (end 1.46 -0.75) (layer B.CrtYd) (width 0.05))
    (fp_line (start -1.46 0.75) (end 1.46 0.75) (layer B.CrtYd) (width 0.05))
    (fp_line (start -1.46 -0.75) (end -1.46 0.75) (layer B.CrtYd) (width 0.05))
    (fp_line (start -0.22 -0.51) (end 0.22 -0.51) (layer B.SilkS) (width 0.12))
    (fp_line (start -0.22 0.51) (end 0.22 0.51) (layer B.SilkS) (width 0.12))
    (fp_line (start 0.8 -0.4) (end -0.8 -0.4) (layer B.Fab) (width 0.1))
    (fp_line (start 0.8 0.4) (end 0.8 -0.4) (layer B.Fab) (width 0.1))
    (fp_line (start -0.8 0.4) (end 0.8 0.4) (layer B.Fab) (width 0.1))
    (fp_line (start -0.8 -0.4) (end -0.8 0.4) (layer B.Fab) (width 0.1))
    (pad 2 smd rect (at 0.875 0 90) (size 0.67 1) (layers B.Cu B.Paste B.Mask)
      (net 4 GND))
    (pad 1 smd rect (at -0.875 0 90) (size 0.67 1) (layers B.Cu B.Paste B.Mask)
      (net 19 "Net-(C10-Pad1)"))
    (model ${KISYS3DMOD}/Capacitor_SMD.3dshapes/C_0603_1608Metric.wrl
      (at (xyz 0 0 0))
      (scale (xyz 1 1 1))
      (rotate (xyz 0 0 0))
    )
  )

  (module Connector_PinSocket_2.54mm:PinSocket_2x20_P2.54mm_Vertical (layer B.Cu) (tedit 5A19A433) (tstamp 5B6FF403)
    (at 8.37 4.18 270)
    (descr "Through hole straight socket strip, 2x20, 2.54mm pitch, double cols (from Kicad 4.0.7), script generated")
    (tags "Through hole socket strip THT 2x20 2.54mm double row")
    (path /5A6C945F)
    (fp_text reference J1 (at -0.0652 2.3756 180) (layer F.SilkS)
      (effects (font (size 1 1) (thickness 0.15)))
    )
    (fp_text value RaspberryPi (at -1.27 -51.03 270) (layer B.Fab)
      (effects (font (size 1 1) (thickness 0.15)) (justify mirror))
    )
    (fp_line (start -3.81 1.27) (end 0.27 1.27) (layer B.Fab) (width 0.1))
    (fp_line (start 0.27 1.27) (end 1.27 0.27) (layer B.Fab) (width 0.1))
    (fp_line (start 1.27 0.27) (end 1.27 -49.53) (layer B.Fab) (width 0.1))
    (fp_line (start 1.27 -49.53) (end -3.81 -49.53) (layer B.Fab) (width 0.1))
    (fp_line (start -3.81 -49.53) (end -3.81 1.27) (layer B.Fab) (width 0.1))
    (fp_line (start -3.87 1.33) (end -1.27 1.33) (layer B.SilkS) (width 0.12))
    (fp_line (start -3.87 1.33) (end -3.87 -49.59) (layer B.SilkS) (width 0.12))
    (fp_line (start -3.87 -49.59) (end 1.33 -49.59) (layer B.SilkS) (width 0.12))
    (fp_line (start 1.33 -1.27) (end 1.33 -49.59) (layer B.SilkS) (width 0.12))
    (fp_line (start -1.27 -1.27) (end 1.33 -1.27) (layer B.SilkS) (width 0.12))
    (fp_line (start -1.27 1.33) (end -1.27 -1.27) (layer B.SilkS) (width 0.12))
    (fp_line (start 1.33 1.33) (end 1.33 0) (layer B.SilkS) (width 0.12))
    (fp_line (start 0 1.33) (end 1.33 1.33) (layer B.SilkS) (width 0.12))
    (fp_line (start -4.34 1.8) (end 1.76 1.8) (layer B.CrtYd) (width 0.05))
    (fp_line (start 1.76 1.8) (end 1.76 -50) (layer B.CrtYd) (width 0.05))
    (fp_line (start 1.76 -50) (end -4.34 -50) (layer B.CrtYd) (width 0.05))
    (fp_line (start -4.34 -50) (end -4.34 1.8) (layer B.CrtYd) (width 0.05))
    (fp_text user %R (at -1.27 -24.13 180) (layer B.Fab)
      (effects (font (size 1 1) (thickness 0.15)) (justify mirror))
    )
    (pad 1 thru_hole rect (at 0 0 270) (size 1.7 1.7) (drill 1) (layers *.Cu *.Mask)
      (net 1 +3V3))
    (pad 2 thru_hole oval (at -2.54 0 270) (size 1.7 1.7) (drill 1) (layers *.Cu *.Mask)
      (net 2 +5V))
    (pad 3 thru_hole oval (at 0 -2.54 270) (size 1.7 1.7) (drill 1) (layers *.Cu *.Mask)
      (net 38 I2C1_SDA_LV))
    (pad 4 thru_hole oval (at -2.54 -2.54 270) (size 1.7 1.7) (drill 1) (layers *.Cu *.Mask)
      (net 2 +5V))
    (pad 5 thru_hole oval (at 0 -5.08 270) (size 1.7 1.7) (drill 1) (layers *.Cu *.Mask)
      (net 39 I2C1_SCL_LV))
    (pad 6 thru_hole oval (at -2.54 -5.08 270) (size 1.7 1.7) (drill 1) (layers *.Cu *.Mask)
      (net 4 GND))
    (pad 7 thru_hole oval (at 0 -7.62 270) (size 1.7 1.7) (drill 1) (layers *.Cu *.Mask))
    (pad 8 thru_hole oval (at -2.54 -7.62 270) (size 1.7 1.7) (drill 1) (layers *.Cu *.Mask)
      (net 54 UART_TX_LV))
    (pad 9 thru_hole oval (at 0 -10.16 270) (size 1.7 1.7) (drill 1) (layers *.Cu *.Mask)
      (net 4 GND))
    (pad 10 thru_hole oval (at -2.54 -10.16 270) (size 1.7 1.7) (drill 1) (layers *.Cu *.Mask)
      (net 55 UART_RX_LV))
    (pad 11 thru_hole oval (at 0 -12.7 270) (size 1.7 1.7) (drill 1) (layers *.Cu *.Mask))
    (pad 12 thru_hole oval (at -2.54 -12.7 270) (size 1.7 1.7) (drill 1) (layers *.Cu *.Mask))
    (pad 13 thru_hole oval (at 0 -15.24 270) (size 1.7 1.7) (drill 1) (layers *.Cu *.Mask))
    (pad 14 thru_hole oval (at -2.54 -15.24 270) (size 1.7 1.7) (drill 1) (layers *.Cu *.Mask)
      (net 4 GND))
    (pad 15 thru_hole oval (at 0 -17.78 270) (size 1.7 1.7) (drill 1) (layers *.Cu *.Mask))
    (pad 16 thru_hole oval (at -2.54 -17.78 270) (size 1.7 1.7) (drill 1) (layers *.Cu *.Mask))
    (pad 17 thru_hole oval (at 0 -20.32 270) (size 1.7 1.7) (drill 1) (layers *.Cu *.Mask)
      (net 1 +3V3))
    (pad 18 thru_hole oval (at -2.54 -20.32 270) (size 1.7 1.7) (drill 1) (layers *.Cu *.Mask))
    (pad 19 thru_hole oval (at 0 -22.86 270) (size 1.7 1.7) (drill 1) (layers *.Cu *.Mask)
      (net 56 SPI0_MOSI_LV))
